{
 "cells": [
  {
   "cell_type": "markdown",
   "id": "19722862-5f0d-4aee-b2c1-d6e2283cbdf0",
   "metadata": {},
   "source": [
    "# Edureka 1"
   ]
  },
  {
   "cell_type": "code",
   "execution_count": null,
   "id": "1ee8afa9-a888-462c-bad5-cfac3675eb81",
   "metadata": {},
   "outputs": [],
   "source": []
  },
  {
   "cell_type": "markdown",
   "id": "3076ad0c-4c2f-4b15-b32b-c1b3ae9abb59",
   "metadata": {},
   "source": [
    "# Introduction To Pandas"
   ]
  },
  {
   "cell_type": "code",
   "execution_count": 1,
   "id": "48fe83fb-a56d-4dd2-9581-0beb91f16575",
   "metadata": {},
   "outputs": [],
   "source": [
    "# Pandas is used for data manipulation, analysis and cleaning."
   ]
  },
  {
   "cell_type": "code",
   "execution_count": 2,
   "id": "cbdcff2c-709c-4bad-89e0-2b6de73608b0",
   "metadata": {},
   "outputs": [],
   "source": [
    "import pandas as pd"
   ]
  },
  {
   "cell_type": "code",
   "execution_count": 3,
   "id": "a5cae235-c302-453d-a43c-81fa1e754b57",
   "metadata": {},
   "outputs": [],
   "source": [
    "import numpy as np"
   ]
  },
  {
   "cell_type": "code",
   "execution_count": 4,
   "id": "25402d3b-829c-4f59-89fe-56159711e184",
   "metadata": {},
   "outputs": [],
   "source": [
    "s = pd.Series([1,2,3,4,5,np.nan,6,7,8])"
   ]
  },
  {
   "cell_type": "code",
   "execution_count": 5,
   "id": "7a680d14-bcf6-495b-838a-2a456122a4ef",
   "metadata": {},
   "outputs": [
    {
     "data": {
      "text/plain": [
       "0    1.0\n",
       "1    2.0\n",
       "2    3.0\n",
       "3    4.0\n",
       "4    5.0\n",
       "5    NaN\n",
       "6    6.0\n",
       "7    7.0\n",
       "8    8.0\n",
       "dtype: float64"
      ]
     },
     "execution_count": 5,
     "metadata": {},
     "output_type": "execute_result"
    }
   ],
   "source": [
    "s"
   ]
  },
  {
   "cell_type": "code",
   "execution_count": 6,
   "id": "e07f4f21-2846-49ea-af66-f4b9ab49f113",
   "metadata": {},
   "outputs": [],
   "source": [
    "s1 = pd.Series([1,2,3,4,np.nan,4,5])"
   ]
  },
  {
   "cell_type": "code",
   "execution_count": 7,
   "id": "ba53d4a8-a6cd-4554-9539-fd9c38311c64",
   "metadata": {},
   "outputs": [
    {
     "data": {
      "text/plain": [
       "0    1.0\n",
       "1    2.0\n",
       "2    3.0\n",
       "3    4.0\n",
       "4    NaN\n",
       "5    4.0\n",
       "6    5.0\n",
       "dtype: float64"
      ]
     },
     "execution_count": 7,
     "metadata": {},
     "output_type": "execute_result"
    }
   ],
   "source": [
    "s1"
   ]
  },
  {
   "cell_type": "code",
   "execution_count": 8,
   "id": "060eef5f-118b-47c5-ab4a-cb2be8ed6996",
   "metadata": {},
   "outputs": [],
   "source": [
    "d = pd.date_range('20220216',periods=12)"
   ]
  },
  {
   "cell_type": "code",
   "execution_count": 9,
   "id": "fbe9438c-3420-42e7-b228-a25f16c58efc",
   "metadata": {},
   "outputs": [
    {
     "data": {
      "text/plain": [
       "DatetimeIndex(['2022-02-16', '2022-02-17', '2022-02-18', '2022-02-19',\n",
       "               '2022-02-20', '2022-02-21', '2022-02-22', '2022-02-23',\n",
       "               '2022-02-24', '2022-02-25', '2022-02-26', '2022-02-27'],\n",
       "              dtype='datetime64[ns]', freq='D')"
      ]
     },
     "execution_count": 9,
     "metadata": {},
     "output_type": "execute_result"
    }
   ],
   "source": [
    "d"
   ]
  },
  {
   "cell_type": "code",
   "execution_count": 11,
   "id": "1ef935d1-e044-4b03-b9d3-69abd4e6e4e5",
   "metadata": {},
   "outputs": [],
   "source": [
    "dd = pd.date_range('20240223',periods=10)"
   ]
  },
  {
   "cell_type": "code",
   "execution_count": 12,
   "id": "44064841-b82d-48dc-9471-68263ab9d106",
   "metadata": {},
   "outputs": [
    {
     "data": {
      "text/plain": [
       "DatetimeIndex(['2024-02-23', '2024-02-24', '2024-02-25', '2024-02-26',\n",
       "               '2024-02-27', '2024-02-28', '2024-02-29', '2024-03-01',\n",
       "               '2024-03-02', '2024-03-03'],\n",
       "              dtype='datetime64[ns]', freq='D')"
      ]
     },
     "execution_count": 12,
     "metadata": {},
     "output_type": "execute_result"
    }
   ],
   "source": [
    "dd"
   ]
  },
  {
   "cell_type": "code",
   "execution_count": 15,
   "id": "065d4c0d-055c-4070-ac5a-9815b2b61def",
   "metadata": {},
   "outputs": [],
   "source": [
    "df = pd.DataFrame(np.random.randn(10,4) , index=dd , columns=['A','B','C','D'])"
   ]
  },
  {
   "cell_type": "code",
   "execution_count": 16,
   "id": "08123356-57cd-4ef4-9afc-34e3c13aa2ab",
   "metadata": {},
   "outputs": [
    {
     "data": {
      "text/html": [
       "<div>\n",
       "<style scoped>\n",
       "    .dataframe tbody tr th:only-of-type {\n",
       "        vertical-align: middle;\n",
       "    }\n",
       "\n",
       "    .dataframe tbody tr th {\n",
       "        vertical-align: top;\n",
       "    }\n",
       "\n",
       "    .dataframe thead th {\n",
       "        text-align: right;\n",
       "    }\n",
       "</style>\n",
       "<table border=\"1\" class=\"dataframe\">\n",
       "  <thead>\n",
       "    <tr style=\"text-align: right;\">\n",
       "      <th></th>\n",
       "      <th>A</th>\n",
       "      <th>B</th>\n",
       "      <th>C</th>\n",
       "      <th>D</th>\n",
       "    </tr>\n",
       "  </thead>\n",
       "  <tbody>\n",
       "    <tr>\n",
       "      <th>2024-02-23</th>\n",
       "      <td>0.477870</td>\n",
       "      <td>-0.753157</td>\n",
       "      <td>-0.835035</td>\n",
       "      <td>-1.625117</td>\n",
       "    </tr>\n",
       "    <tr>\n",
       "      <th>2024-02-24</th>\n",
       "      <td>-0.397339</td>\n",
       "      <td>1.681134</td>\n",
       "      <td>-0.239394</td>\n",
       "      <td>-1.788291</td>\n",
       "    </tr>\n",
       "    <tr>\n",
       "      <th>2024-02-25</th>\n",
       "      <td>1.431874</td>\n",
       "      <td>-0.069147</td>\n",
       "      <td>-0.261065</td>\n",
       "      <td>-2.701517</td>\n",
       "    </tr>\n",
       "    <tr>\n",
       "      <th>2024-02-26</th>\n",
       "      <td>-1.539090</td>\n",
       "      <td>1.328909</td>\n",
       "      <td>1.064536</td>\n",
       "      <td>-1.212042</td>\n",
       "    </tr>\n",
       "    <tr>\n",
       "      <th>2024-02-27</th>\n",
       "      <td>-0.288609</td>\n",
       "      <td>-0.434195</td>\n",
       "      <td>0.373439</td>\n",
       "      <td>-1.669344</td>\n",
       "    </tr>\n",
       "    <tr>\n",
       "      <th>2024-02-28</th>\n",
       "      <td>-1.429651</td>\n",
       "      <td>0.099668</td>\n",
       "      <td>-1.057878</td>\n",
       "      <td>-0.224515</td>\n",
       "    </tr>\n",
       "    <tr>\n",
       "      <th>2024-02-29</th>\n",
       "      <td>0.496727</td>\n",
       "      <td>0.930248</td>\n",
       "      <td>0.650656</td>\n",
       "      <td>-0.983800</td>\n",
       "    </tr>\n",
       "    <tr>\n",
       "      <th>2024-03-01</th>\n",
       "      <td>1.884196</td>\n",
       "      <td>0.438644</td>\n",
       "      <td>-0.778318</td>\n",
       "      <td>-0.953856</td>\n",
       "    </tr>\n",
       "    <tr>\n",
       "      <th>2024-03-02</th>\n",
       "      <td>0.457383</td>\n",
       "      <td>0.773715</td>\n",
       "      <td>-0.365594</td>\n",
       "      <td>1.311844</td>\n",
       "    </tr>\n",
       "    <tr>\n",
       "      <th>2024-03-03</th>\n",
       "      <td>0.029784</td>\n",
       "      <td>-1.228740</td>\n",
       "      <td>0.309540</td>\n",
       "      <td>-0.109785</td>\n",
       "    </tr>\n",
       "  </tbody>\n",
       "</table>\n",
       "</div>"
      ],
      "text/plain": [
       "                   A         B         C         D\n",
       "2024-02-23  0.477870 -0.753157 -0.835035 -1.625117\n",
       "2024-02-24 -0.397339  1.681134 -0.239394 -1.788291\n",
       "2024-02-25  1.431874 -0.069147 -0.261065 -2.701517\n",
       "2024-02-26 -1.539090  1.328909  1.064536 -1.212042\n",
       "2024-02-27 -0.288609 -0.434195  0.373439 -1.669344\n",
       "2024-02-28 -1.429651  0.099668 -1.057878 -0.224515\n",
       "2024-02-29  0.496727  0.930248  0.650656 -0.983800\n",
       "2024-03-01  1.884196  0.438644 -0.778318 -0.953856\n",
       "2024-03-02  0.457383  0.773715 -0.365594  1.311844\n",
       "2024-03-03  0.029784 -1.228740  0.309540 -0.109785"
      ]
     },
     "execution_count": 16,
     "metadata": {},
     "output_type": "execute_result"
    }
   ],
   "source": [
    "df"
   ]
  },
  {
   "cell_type": "code",
   "execution_count": 17,
   "id": "f740ad5c-6b70-447e-80fb-a68b8510df9d",
   "metadata": {},
   "outputs": [],
   "source": [
    "df = pd.DataFrame({'A':[1,2,3,4],\n",
    "                   'B':pd.Timestamp('20240217'),\n",
    "                   'C':pd.Series(1,index=list(range(4)),dtype=\"float32\"),\n",
    "                   'D':np.array([5]*4 , dtype='int32'),\n",
    "                   'E':pd.Categorical(['True','False','True','False']),\n",
    "                   'F':'Rahul'})"
   ]
  },
  {
   "cell_type": "code",
   "execution_count": 18,
   "id": "37cb42c2-311f-4a9a-b7f6-9250a0d7e110",
   "metadata": {},
   "outputs": [
    {
     "data": {
      "text/html": [
       "<div>\n",
       "<style scoped>\n",
       "    .dataframe tbody tr th:only-of-type {\n",
       "        vertical-align: middle;\n",
       "    }\n",
       "\n",
       "    .dataframe tbody tr th {\n",
       "        vertical-align: top;\n",
       "    }\n",
       "\n",
       "    .dataframe thead th {\n",
       "        text-align: right;\n",
       "    }\n",
       "</style>\n",
       "<table border=\"1\" class=\"dataframe\">\n",
       "  <thead>\n",
       "    <tr style=\"text-align: right;\">\n",
       "      <th></th>\n",
       "      <th>A</th>\n",
       "      <th>B</th>\n",
       "      <th>C</th>\n",
       "      <th>D</th>\n",
       "      <th>E</th>\n",
       "      <th>F</th>\n",
       "    </tr>\n",
       "  </thead>\n",
       "  <tbody>\n",
       "    <tr>\n",
       "      <th>0</th>\n",
       "      <td>1</td>\n",
       "      <td>2024-02-17</td>\n",
       "      <td>1.0</td>\n",
       "      <td>5</td>\n",
       "      <td>True</td>\n",
       "      <td>Rahul</td>\n",
       "    </tr>\n",
       "    <tr>\n",
       "      <th>1</th>\n",
       "      <td>2</td>\n",
       "      <td>2024-02-17</td>\n",
       "      <td>1.0</td>\n",
       "      <td>5</td>\n",
       "      <td>False</td>\n",
       "      <td>Rahul</td>\n",
       "    </tr>\n",
       "    <tr>\n",
       "      <th>2</th>\n",
       "      <td>3</td>\n",
       "      <td>2024-02-17</td>\n",
       "      <td>1.0</td>\n",
       "      <td>5</td>\n",
       "      <td>True</td>\n",
       "      <td>Rahul</td>\n",
       "    </tr>\n",
       "    <tr>\n",
       "      <th>3</th>\n",
       "      <td>4</td>\n",
       "      <td>2024-02-17</td>\n",
       "      <td>1.0</td>\n",
       "      <td>5</td>\n",
       "      <td>False</td>\n",
       "      <td>Rahul</td>\n",
       "    </tr>\n",
       "  </tbody>\n",
       "</table>\n",
       "</div>"
      ],
      "text/plain": [
       "   A          B    C  D      E      F\n",
       "0  1 2024-02-17  1.0  5   True  Rahul\n",
       "1  2 2024-02-17  1.0  5  False  Rahul\n",
       "2  3 2024-02-17  1.0  5   True  Rahul\n",
       "3  4 2024-02-17  1.0  5  False  Rahul"
      ]
     },
     "execution_count": 18,
     "metadata": {},
     "output_type": "execute_result"
    }
   ],
   "source": [
    "df"
   ]
  },
  {
   "cell_type": "code",
   "execution_count": 19,
   "id": "1a0cf94e-05b4-40c5-b1dc-62a07d28804c",
   "metadata": {},
   "outputs": [
    {
     "data": {
      "text/plain": [
       "A            int64\n",
       "B    datetime64[s]\n",
       "C          float32\n",
       "D            int32\n",
       "E         category\n",
       "F           object\n",
       "dtype: object"
      ]
     },
     "execution_count": 19,
     "metadata": {},
     "output_type": "execute_result"
    }
   ],
   "source": [
    "df.dtypes"
   ]
  },
  {
   "cell_type": "code",
   "execution_count": 20,
   "id": "a3b704ee-0fef-4751-b41b-d2397acb6b08",
   "metadata": {},
   "outputs": [
    {
     "data": {
      "text/plain": [
       "Index([0, 1, 2, 3], dtype='int64')"
      ]
     },
     "execution_count": 20,
     "metadata": {},
     "output_type": "execute_result"
    }
   ],
   "source": [
    "df.index"
   ]
  },
  {
   "cell_type": "code",
   "execution_count": 21,
   "id": "476b1e6f-cda0-43fb-b620-67fb4ed278f4",
   "metadata": {},
   "outputs": [
    {
     "data": {
      "text/plain": [
       "Index(['A', 'B', 'C', 'D', 'E', 'F'], dtype='object')"
      ]
     },
     "execution_count": 21,
     "metadata": {},
     "output_type": "execute_result"
    }
   ],
   "source": [
    "df.columns"
   ]
  },
  {
   "cell_type": "code",
   "execution_count": 22,
   "id": "d00a2597-09bf-4faf-91a0-04f5dae99756",
   "metadata": {},
   "outputs": [
    {
     "data": {
      "text/plain": [
       "<bound method DataFrame.to_numpy of    A          B    C  D      E      F\n",
       "0  1 2024-02-17  1.0  5   True  Rahul\n",
       "1  2 2024-02-17  1.0  5  False  Rahul\n",
       "2  3 2024-02-17  1.0  5   True  Rahul\n",
       "3  4 2024-02-17  1.0  5  False  Rahul>"
      ]
     },
     "execution_count": 22,
     "metadata": {},
     "output_type": "execute_result"
    }
   ],
   "source": [
    "df.to_numpy"
   ]
  },
  {
   "cell_type": "code",
   "execution_count": 23,
   "id": "cd5acb2d-1202-4f4f-9409-6df1ef0195dd",
   "metadata": {},
   "outputs": [
    {
     "data": {
      "text/plain": [
       "array([[1, Timestamp('2024-02-17 00:00:00'), 1.0, 5, 'True', 'Rahul'],\n",
       "       [2, Timestamp('2024-02-17 00:00:00'), 1.0, 5, 'False', 'Rahul'],\n",
       "       [3, Timestamp('2024-02-17 00:00:00'), 1.0, 5, 'True', 'Rahul'],\n",
       "       [4, Timestamp('2024-02-17 00:00:00'), 1.0, 5, 'False', 'Rahul']],\n",
       "      dtype=object)"
      ]
     },
     "execution_count": 23,
     "metadata": {},
     "output_type": "execute_result"
    }
   ],
   "source": [
    "df.to_numpy()"
   ]
  },
  {
   "cell_type": "code",
   "execution_count": 24,
   "id": "521e66aa-f69d-4dd9-b03c-87d1e9ecb7a6",
   "metadata": {},
   "outputs": [
    {
     "data": {
      "text/plain": [
       "DatetimeIndex(['2022-02-16', '2022-02-17', '2022-02-18', '2022-02-19',\n",
       "               '2022-02-20', '2022-02-21', '2022-02-22', '2022-02-23',\n",
       "               '2022-02-24', '2022-02-25', '2022-02-26', '2022-02-27'],\n",
       "              dtype='datetime64[ns]', freq='D')"
      ]
     },
     "execution_count": 24,
     "metadata": {},
     "output_type": "execute_result"
    }
   ],
   "source": [
    "d"
   ]
  },
  {
   "cell_type": "code",
   "execution_count": 25,
   "id": "b0a60b7c-9684-479b-a6ed-d7d3bc320b98",
   "metadata": {},
   "outputs": [
    {
     "data": {
      "text/plain": [
       "DatetimeIndex(['2024-02-23', '2024-02-24', '2024-02-25', '2024-02-26',\n",
       "               '2024-02-27', '2024-02-28', '2024-02-29', '2024-03-01',\n",
       "               '2024-03-02', '2024-03-03'],\n",
       "              dtype='datetime64[ns]', freq='D')"
      ]
     },
     "execution_count": 25,
     "metadata": {},
     "output_type": "execute_result"
    }
   ],
   "source": [
    "dd"
   ]
  },
  {
   "cell_type": "code",
   "execution_count": 26,
   "id": "4e65e65a-41e2-47b8-9a8b-1d5ccc4db1e2",
   "metadata": {},
   "outputs": [],
   "source": [
    "df = pd.DataFrame(np.random.randn(10,4) , index = dd , columns=['S','H','A','M'])"
   ]
  },
  {
   "cell_type": "code",
   "execution_count": 27,
   "id": "674c5e31-3455-40b4-acac-757b1bcba6db",
   "metadata": {},
   "outputs": [
    {
     "data": {
      "text/html": [
       "<div>\n",
       "<style scoped>\n",
       "    .dataframe tbody tr th:only-of-type {\n",
       "        vertical-align: middle;\n",
       "    }\n",
       "\n",
       "    .dataframe tbody tr th {\n",
       "        vertical-align: top;\n",
       "    }\n",
       "\n",
       "    .dataframe thead th {\n",
       "        text-align: right;\n",
       "    }\n",
       "</style>\n",
       "<table border=\"1\" class=\"dataframe\">\n",
       "  <thead>\n",
       "    <tr style=\"text-align: right;\">\n",
       "      <th></th>\n",
       "      <th>S</th>\n",
       "      <th>H</th>\n",
       "      <th>A</th>\n",
       "      <th>M</th>\n",
       "    </tr>\n",
       "  </thead>\n",
       "  <tbody>\n",
       "    <tr>\n",
       "      <th>2024-02-23</th>\n",
       "      <td>-0.015656</td>\n",
       "      <td>0.361144</td>\n",
       "      <td>-0.000082</td>\n",
       "      <td>1.624539</td>\n",
       "    </tr>\n",
       "    <tr>\n",
       "      <th>2024-02-24</th>\n",
       "      <td>-0.394602</td>\n",
       "      <td>-0.170383</td>\n",
       "      <td>0.812908</td>\n",
       "      <td>0.211836</td>\n",
       "    </tr>\n",
       "    <tr>\n",
       "      <th>2024-02-25</th>\n",
       "      <td>-0.742149</td>\n",
       "      <td>-0.357007</td>\n",
       "      <td>0.907999</td>\n",
       "      <td>-0.343076</td>\n",
       "    </tr>\n",
       "    <tr>\n",
       "      <th>2024-02-26</th>\n",
       "      <td>-2.022308</td>\n",
       "      <td>1.441085</td>\n",
       "      <td>0.371299</td>\n",
       "      <td>-2.004776</td>\n",
       "    </tr>\n",
       "    <tr>\n",
       "      <th>2024-02-27</th>\n",
       "      <td>-0.603378</td>\n",
       "      <td>0.746231</td>\n",
       "      <td>1.593148</td>\n",
       "      <td>1.722764</td>\n",
       "    </tr>\n",
       "    <tr>\n",
       "      <th>2024-02-28</th>\n",
       "      <td>1.192093</td>\n",
       "      <td>-0.405609</td>\n",
       "      <td>0.081344</td>\n",
       "      <td>1.470469</td>\n",
       "    </tr>\n",
       "    <tr>\n",
       "      <th>2024-02-29</th>\n",
       "      <td>-0.457105</td>\n",
       "      <td>0.191459</td>\n",
       "      <td>1.817970</td>\n",
       "      <td>0.533441</td>\n",
       "    </tr>\n",
       "    <tr>\n",
       "      <th>2024-03-01</th>\n",
       "      <td>-0.043725</td>\n",
       "      <td>0.332344</td>\n",
       "      <td>-0.213462</td>\n",
       "      <td>-1.425617</td>\n",
       "    </tr>\n",
       "    <tr>\n",
       "      <th>2024-03-02</th>\n",
       "      <td>0.658537</td>\n",
       "      <td>-0.007764</td>\n",
       "      <td>1.175356</td>\n",
       "      <td>1.287804</td>\n",
       "    </tr>\n",
       "    <tr>\n",
       "      <th>2024-03-03</th>\n",
       "      <td>0.505674</td>\n",
       "      <td>0.820553</td>\n",
       "      <td>0.392441</td>\n",
       "      <td>0.564594</td>\n",
       "    </tr>\n",
       "  </tbody>\n",
       "</table>\n",
       "</div>"
      ],
      "text/plain": [
       "                   S         H         A         M\n",
       "2024-02-23 -0.015656  0.361144 -0.000082  1.624539\n",
       "2024-02-24 -0.394602 -0.170383  0.812908  0.211836\n",
       "2024-02-25 -0.742149 -0.357007  0.907999 -0.343076\n",
       "2024-02-26 -2.022308  1.441085  0.371299 -2.004776\n",
       "2024-02-27 -0.603378  0.746231  1.593148  1.722764\n",
       "2024-02-28  1.192093 -0.405609  0.081344  1.470469\n",
       "2024-02-29 -0.457105  0.191459  1.817970  0.533441\n",
       "2024-03-01 -0.043725  0.332344 -0.213462 -1.425617\n",
       "2024-03-02  0.658537 -0.007764  1.175356  1.287804\n",
       "2024-03-03  0.505674  0.820553  0.392441  0.564594"
      ]
     },
     "execution_count": 27,
     "metadata": {},
     "output_type": "execute_result"
    }
   ],
   "source": [
    "df"
   ]
  },
  {
   "cell_type": "code",
   "execution_count": 28,
   "id": "7d7071f2-43ce-4313-a99b-cbfcdb90a17d",
   "metadata": {},
   "outputs": [
    {
     "data": {
      "text/html": [
       "<div>\n",
       "<style scoped>\n",
       "    .dataframe tbody tr th:only-of-type {\n",
       "        vertical-align: middle;\n",
       "    }\n",
       "\n",
       "    .dataframe tbody tr th {\n",
       "        vertical-align: top;\n",
       "    }\n",
       "\n",
       "    .dataframe thead th {\n",
       "        text-align: right;\n",
       "    }\n",
       "</style>\n",
       "<table border=\"1\" class=\"dataframe\">\n",
       "  <thead>\n",
       "    <tr style=\"text-align: right;\">\n",
       "      <th></th>\n",
       "      <th>S</th>\n",
       "      <th>M</th>\n",
       "      <th>H</th>\n",
       "      <th>A</th>\n",
       "    </tr>\n",
       "  </thead>\n",
       "  <tbody>\n",
       "    <tr>\n",
       "      <th>2024-02-23</th>\n",
       "      <td>-0.015656</td>\n",
       "      <td>1.624539</td>\n",
       "      <td>0.361144</td>\n",
       "      <td>-0.000082</td>\n",
       "    </tr>\n",
       "    <tr>\n",
       "      <th>2024-02-24</th>\n",
       "      <td>-0.394602</td>\n",
       "      <td>0.211836</td>\n",
       "      <td>-0.170383</td>\n",
       "      <td>0.812908</td>\n",
       "    </tr>\n",
       "    <tr>\n",
       "      <th>2024-02-25</th>\n",
       "      <td>-0.742149</td>\n",
       "      <td>-0.343076</td>\n",
       "      <td>-0.357007</td>\n",
       "      <td>0.907999</td>\n",
       "    </tr>\n",
       "    <tr>\n",
       "      <th>2024-02-26</th>\n",
       "      <td>-2.022308</td>\n",
       "      <td>-2.004776</td>\n",
       "      <td>1.441085</td>\n",
       "      <td>0.371299</td>\n",
       "    </tr>\n",
       "    <tr>\n",
       "      <th>2024-02-27</th>\n",
       "      <td>-0.603378</td>\n",
       "      <td>1.722764</td>\n",
       "      <td>0.746231</td>\n",
       "      <td>1.593148</td>\n",
       "    </tr>\n",
       "    <tr>\n",
       "      <th>2024-02-28</th>\n",
       "      <td>1.192093</td>\n",
       "      <td>1.470469</td>\n",
       "      <td>-0.405609</td>\n",
       "      <td>0.081344</td>\n",
       "    </tr>\n",
       "    <tr>\n",
       "      <th>2024-02-29</th>\n",
       "      <td>-0.457105</td>\n",
       "      <td>0.533441</td>\n",
       "      <td>0.191459</td>\n",
       "      <td>1.817970</td>\n",
       "    </tr>\n",
       "    <tr>\n",
       "      <th>2024-03-01</th>\n",
       "      <td>-0.043725</td>\n",
       "      <td>-1.425617</td>\n",
       "      <td>0.332344</td>\n",
       "      <td>-0.213462</td>\n",
       "    </tr>\n",
       "    <tr>\n",
       "      <th>2024-03-02</th>\n",
       "      <td>0.658537</td>\n",
       "      <td>1.287804</td>\n",
       "      <td>-0.007764</td>\n",
       "      <td>1.175356</td>\n",
       "    </tr>\n",
       "    <tr>\n",
       "      <th>2024-03-03</th>\n",
       "      <td>0.505674</td>\n",
       "      <td>0.564594</td>\n",
       "      <td>0.820553</td>\n",
       "      <td>0.392441</td>\n",
       "    </tr>\n",
       "  </tbody>\n",
       "</table>\n",
       "</div>"
      ],
      "text/plain": [
       "                   S         M         H         A\n",
       "2024-02-23 -0.015656  1.624539  0.361144 -0.000082\n",
       "2024-02-24 -0.394602  0.211836 -0.170383  0.812908\n",
       "2024-02-25 -0.742149 -0.343076 -0.357007  0.907999\n",
       "2024-02-26 -2.022308 -2.004776  1.441085  0.371299\n",
       "2024-02-27 -0.603378  1.722764  0.746231  1.593148\n",
       "2024-02-28  1.192093  1.470469 -0.405609  0.081344\n",
       "2024-02-29 -0.457105  0.533441  0.191459  1.817970\n",
       "2024-03-01 -0.043725 -1.425617  0.332344 -0.213462\n",
       "2024-03-02  0.658537  1.287804 -0.007764  1.175356\n",
       "2024-03-03  0.505674  0.564594  0.820553  0.392441"
      ]
     },
     "execution_count": 28,
     "metadata": {},
     "output_type": "execute_result"
    }
   ],
   "source": [
    "df.sort_index(axis=1,ascending=False)"
   ]
  },
  {
   "cell_type": "code",
   "execution_count": 30,
   "id": "148a8add-36b7-4a79-8765-11302f90547a",
   "metadata": {},
   "outputs": [
    {
     "data": {
      "text/html": [
       "<div>\n",
       "<style scoped>\n",
       "    .dataframe tbody tr th:only-of-type {\n",
       "        vertical-align: middle;\n",
       "    }\n",
       "\n",
       "    .dataframe tbody tr th {\n",
       "        vertical-align: top;\n",
       "    }\n",
       "\n",
       "    .dataframe thead th {\n",
       "        text-align: right;\n",
       "    }\n",
       "</style>\n",
       "<table border=\"1\" class=\"dataframe\">\n",
       "  <thead>\n",
       "    <tr style=\"text-align: right;\">\n",
       "      <th></th>\n",
       "      <th>S</th>\n",
       "      <th>H</th>\n",
       "      <th>A</th>\n",
       "      <th>M</th>\n",
       "    </tr>\n",
       "  </thead>\n",
       "  <tbody>\n",
       "    <tr>\n",
       "      <th>2024-03-01</th>\n",
       "      <td>-0.043725</td>\n",
       "      <td>0.332344</td>\n",
       "      <td>-0.213462</td>\n",
       "      <td>-1.425617</td>\n",
       "    </tr>\n",
       "    <tr>\n",
       "      <th>2024-02-23</th>\n",
       "      <td>-0.015656</td>\n",
       "      <td>0.361144</td>\n",
       "      <td>-0.000082</td>\n",
       "      <td>1.624539</td>\n",
       "    </tr>\n",
       "    <tr>\n",
       "      <th>2024-02-28</th>\n",
       "      <td>1.192093</td>\n",
       "      <td>-0.405609</td>\n",
       "      <td>0.081344</td>\n",
       "      <td>1.470469</td>\n",
       "    </tr>\n",
       "    <tr>\n",
       "      <th>2024-02-26</th>\n",
       "      <td>-2.022308</td>\n",
       "      <td>1.441085</td>\n",
       "      <td>0.371299</td>\n",
       "      <td>-2.004776</td>\n",
       "    </tr>\n",
       "    <tr>\n",
       "      <th>2024-03-03</th>\n",
       "      <td>0.505674</td>\n",
       "      <td>0.820553</td>\n",
       "      <td>0.392441</td>\n",
       "      <td>0.564594</td>\n",
       "    </tr>\n",
       "    <tr>\n",
       "      <th>2024-02-24</th>\n",
       "      <td>-0.394602</td>\n",
       "      <td>-0.170383</td>\n",
       "      <td>0.812908</td>\n",
       "      <td>0.211836</td>\n",
       "    </tr>\n",
       "    <tr>\n",
       "      <th>2024-02-25</th>\n",
       "      <td>-0.742149</td>\n",
       "      <td>-0.357007</td>\n",
       "      <td>0.907999</td>\n",
       "      <td>-0.343076</td>\n",
       "    </tr>\n",
       "    <tr>\n",
       "      <th>2024-03-02</th>\n",
       "      <td>0.658537</td>\n",
       "      <td>-0.007764</td>\n",
       "      <td>1.175356</td>\n",
       "      <td>1.287804</td>\n",
       "    </tr>\n",
       "    <tr>\n",
       "      <th>2024-02-27</th>\n",
       "      <td>-0.603378</td>\n",
       "      <td>0.746231</td>\n",
       "      <td>1.593148</td>\n",
       "      <td>1.722764</td>\n",
       "    </tr>\n",
       "    <tr>\n",
       "      <th>2024-02-29</th>\n",
       "      <td>-0.457105</td>\n",
       "      <td>0.191459</td>\n",
       "      <td>1.817970</td>\n",
       "      <td>0.533441</td>\n",
       "    </tr>\n",
       "  </tbody>\n",
       "</table>\n",
       "</div>"
      ],
      "text/plain": [
       "                   S         H         A         M\n",
       "2024-03-01 -0.043725  0.332344 -0.213462 -1.425617\n",
       "2024-02-23 -0.015656  0.361144 -0.000082  1.624539\n",
       "2024-02-28  1.192093 -0.405609  0.081344  1.470469\n",
       "2024-02-26 -2.022308  1.441085  0.371299 -2.004776\n",
       "2024-03-03  0.505674  0.820553  0.392441  0.564594\n",
       "2024-02-24 -0.394602 -0.170383  0.812908  0.211836\n",
       "2024-02-25 -0.742149 -0.357007  0.907999 -0.343076\n",
       "2024-03-02  0.658537 -0.007764  1.175356  1.287804\n",
       "2024-02-27 -0.603378  0.746231  1.593148  1.722764\n",
       "2024-02-29 -0.457105  0.191459  1.817970  0.533441"
      ]
     },
     "execution_count": 30,
     "metadata": {},
     "output_type": "execute_result"
    }
   ],
   "source": [
    "df.sort_values(by='A')"
   ]
  },
  {
   "cell_type": "code",
   "execution_count": 31,
   "id": "6c410931-a579-4b5d-84f8-b5eb04456a63",
   "metadata": {},
   "outputs": [
    {
     "data": {
      "text/html": [
       "<div>\n",
       "<style scoped>\n",
       "    .dataframe tbody tr th:only-of-type {\n",
       "        vertical-align: middle;\n",
       "    }\n",
       "\n",
       "    .dataframe tbody tr th {\n",
       "        vertical-align: top;\n",
       "    }\n",
       "\n",
       "    .dataframe thead th {\n",
       "        text-align: right;\n",
       "    }\n",
       "</style>\n",
       "<table border=\"1\" class=\"dataframe\">\n",
       "  <thead>\n",
       "    <tr style=\"text-align: right;\">\n",
       "      <th></th>\n",
       "      <th>S</th>\n",
       "      <th>H</th>\n",
       "      <th>A</th>\n",
       "      <th>M</th>\n",
       "    </tr>\n",
       "  </thead>\n",
       "  <tbody>\n",
       "    <tr>\n",
       "      <th>2024-02-26</th>\n",
       "      <td>-2.022308</td>\n",
       "      <td>1.441085</td>\n",
       "      <td>0.371299</td>\n",
       "      <td>-2.004776</td>\n",
       "    </tr>\n",
       "    <tr>\n",
       "      <th>2024-02-25</th>\n",
       "      <td>-0.742149</td>\n",
       "      <td>-0.357007</td>\n",
       "      <td>0.907999</td>\n",
       "      <td>-0.343076</td>\n",
       "    </tr>\n",
       "    <tr>\n",
       "      <th>2024-02-27</th>\n",
       "      <td>-0.603378</td>\n",
       "      <td>0.746231</td>\n",
       "      <td>1.593148</td>\n",
       "      <td>1.722764</td>\n",
       "    </tr>\n",
       "    <tr>\n",
       "      <th>2024-02-29</th>\n",
       "      <td>-0.457105</td>\n",
       "      <td>0.191459</td>\n",
       "      <td>1.817970</td>\n",
       "      <td>0.533441</td>\n",
       "    </tr>\n",
       "    <tr>\n",
       "      <th>2024-02-24</th>\n",
       "      <td>-0.394602</td>\n",
       "      <td>-0.170383</td>\n",
       "      <td>0.812908</td>\n",
       "      <td>0.211836</td>\n",
       "    </tr>\n",
       "    <tr>\n",
       "      <th>2024-03-01</th>\n",
       "      <td>-0.043725</td>\n",
       "      <td>0.332344</td>\n",
       "      <td>-0.213462</td>\n",
       "      <td>-1.425617</td>\n",
       "    </tr>\n",
       "    <tr>\n",
       "      <th>2024-02-23</th>\n",
       "      <td>-0.015656</td>\n",
       "      <td>0.361144</td>\n",
       "      <td>-0.000082</td>\n",
       "      <td>1.624539</td>\n",
       "    </tr>\n",
       "    <tr>\n",
       "      <th>2024-03-03</th>\n",
       "      <td>0.505674</td>\n",
       "      <td>0.820553</td>\n",
       "      <td>0.392441</td>\n",
       "      <td>0.564594</td>\n",
       "    </tr>\n",
       "    <tr>\n",
       "      <th>2024-03-02</th>\n",
       "      <td>0.658537</td>\n",
       "      <td>-0.007764</td>\n",
       "      <td>1.175356</td>\n",
       "      <td>1.287804</td>\n",
       "    </tr>\n",
       "    <tr>\n",
       "      <th>2024-02-28</th>\n",
       "      <td>1.192093</td>\n",
       "      <td>-0.405609</td>\n",
       "      <td>0.081344</td>\n",
       "      <td>1.470469</td>\n",
       "    </tr>\n",
       "  </tbody>\n",
       "</table>\n",
       "</div>"
      ],
      "text/plain": [
       "                   S         H         A         M\n",
       "2024-02-26 -2.022308  1.441085  0.371299 -2.004776\n",
       "2024-02-25 -0.742149 -0.357007  0.907999 -0.343076\n",
       "2024-02-27 -0.603378  0.746231  1.593148  1.722764\n",
       "2024-02-29 -0.457105  0.191459  1.817970  0.533441\n",
       "2024-02-24 -0.394602 -0.170383  0.812908  0.211836\n",
       "2024-03-01 -0.043725  0.332344 -0.213462 -1.425617\n",
       "2024-02-23 -0.015656  0.361144 -0.000082  1.624539\n",
       "2024-03-03  0.505674  0.820553  0.392441  0.564594\n",
       "2024-03-02  0.658537 -0.007764  1.175356  1.287804\n",
       "2024-02-28  1.192093 -0.405609  0.081344  1.470469"
      ]
     },
     "execution_count": 31,
     "metadata": {},
     "output_type": "execute_result"
    }
   ],
   "source": [
    "df.sort_values(by='S')"
   ]
  },
  {
   "cell_type": "code",
   "execution_count": 32,
   "id": "ad79edb4-ee77-4241-9d66-c2dab6047c01",
   "metadata": {},
   "outputs": [
    {
     "data": {
      "text/html": [
       "<div>\n",
       "<style scoped>\n",
       "    .dataframe tbody tr th:only-of-type {\n",
       "        vertical-align: middle;\n",
       "    }\n",
       "\n",
       "    .dataframe tbody tr th {\n",
       "        vertical-align: top;\n",
       "    }\n",
       "\n",
       "    .dataframe thead th {\n",
       "        text-align: right;\n",
       "    }\n",
       "</style>\n",
       "<table border=\"1\" class=\"dataframe\">\n",
       "  <thead>\n",
       "    <tr style=\"text-align: right;\">\n",
       "      <th></th>\n",
       "      <th>S</th>\n",
       "      <th>H</th>\n",
       "      <th>A</th>\n",
       "      <th>M</th>\n",
       "    </tr>\n",
       "  </thead>\n",
       "  <tbody>\n",
       "    <tr>\n",
       "      <th>2024-02-23</th>\n",
       "      <td>-0.015656</td>\n",
       "      <td>0.361144</td>\n",
       "      <td>-0.000082</td>\n",
       "      <td>1.624539</td>\n",
       "    </tr>\n",
       "    <tr>\n",
       "      <th>2024-02-24</th>\n",
       "      <td>-0.394602</td>\n",
       "      <td>-0.170383</td>\n",
       "      <td>0.812908</td>\n",
       "      <td>0.211836</td>\n",
       "    </tr>\n",
       "    <tr>\n",
       "      <th>2024-02-25</th>\n",
       "      <td>-0.742149</td>\n",
       "      <td>-0.357007</td>\n",
       "      <td>0.907999</td>\n",
       "      <td>-0.343076</td>\n",
       "    </tr>\n",
       "    <tr>\n",
       "      <th>2024-02-26</th>\n",
       "      <td>-2.022308</td>\n",
       "      <td>1.441085</td>\n",
       "      <td>0.371299</td>\n",
       "      <td>-2.004776</td>\n",
       "    </tr>\n",
       "    <tr>\n",
       "      <th>2024-02-27</th>\n",
       "      <td>-0.603378</td>\n",
       "      <td>0.746231</td>\n",
       "      <td>1.593148</td>\n",
       "      <td>1.722764</td>\n",
       "    </tr>\n",
       "  </tbody>\n",
       "</table>\n",
       "</div>"
      ],
      "text/plain": [
       "                   S         H         A         M\n",
       "2024-02-23 -0.015656  0.361144 -0.000082  1.624539\n",
       "2024-02-24 -0.394602 -0.170383  0.812908  0.211836\n",
       "2024-02-25 -0.742149 -0.357007  0.907999 -0.343076\n",
       "2024-02-26 -2.022308  1.441085  0.371299 -2.004776\n",
       "2024-02-27 -0.603378  0.746231  1.593148  1.722764"
      ]
     },
     "execution_count": 32,
     "metadata": {},
     "output_type": "execute_result"
    }
   ],
   "source": [
    "df.head()"
   ]
  },
  {
   "cell_type": "code",
   "execution_count": 33,
   "id": "f8dffe3a-a837-4b01-9e0c-d0ed219ea9d3",
   "metadata": {},
   "outputs": [
    {
     "data": {
      "text/plain": [
       "2024-02-23   -0.015656\n",
       "2024-02-24   -0.394602\n",
       "2024-02-25   -0.742149\n",
       "2024-02-26   -2.022308\n",
       "2024-02-27   -0.603378\n",
       "2024-02-28    1.192093\n",
       "2024-02-29   -0.457105\n",
       "2024-03-01   -0.043725\n",
       "2024-03-02    0.658537\n",
       "2024-03-03    0.505674\n",
       "Freq: D, Name: S, dtype: float64"
      ]
     },
     "execution_count": 33,
     "metadata": {},
     "output_type": "execute_result"
    }
   ],
   "source": [
    "df['S']"
   ]
  },
  {
   "cell_type": "code",
   "execution_count": 36,
   "id": "631d43d6-3929-48dc-b7ce-494e8ee94f20",
   "metadata": {},
   "outputs": [
    {
     "data": {
      "text/html": [
       "<div>\n",
       "<style scoped>\n",
       "    .dataframe tbody tr th:only-of-type {\n",
       "        vertical-align: middle;\n",
       "    }\n",
       "\n",
       "    .dataframe tbody tr th {\n",
       "        vertical-align: top;\n",
       "    }\n",
       "\n",
       "    .dataframe thead th {\n",
       "        text-align: right;\n",
       "    }\n",
       "</style>\n",
       "<table border=\"1\" class=\"dataframe\">\n",
       "  <thead>\n",
       "    <tr style=\"text-align: right;\">\n",
       "      <th></th>\n",
       "      <th>S</th>\n",
       "      <th>H</th>\n",
       "      <th>A</th>\n",
       "      <th>M</th>\n",
       "    </tr>\n",
       "  </thead>\n",
       "  <tbody>\n",
       "    <tr>\n",
       "      <th>2024-02-24</th>\n",
       "      <td>-0.394602</td>\n",
       "      <td>-0.170383</td>\n",
       "      <td>0.812908</td>\n",
       "      <td>0.211836</td>\n",
       "    </tr>\n",
       "    <tr>\n",
       "      <th>2024-02-25</th>\n",
       "      <td>-0.742149</td>\n",
       "      <td>-0.357007</td>\n",
       "      <td>0.907999</td>\n",
       "      <td>-0.343076</td>\n",
       "    </tr>\n",
       "    <tr>\n",
       "      <th>2024-02-26</th>\n",
       "      <td>-2.022308</td>\n",
       "      <td>1.441085</td>\n",
       "      <td>0.371299</td>\n",
       "      <td>-2.004776</td>\n",
       "    </tr>\n",
       "  </tbody>\n",
       "</table>\n",
       "</div>"
      ],
      "text/plain": [
       "                   S         H         A         M\n",
       "2024-02-24 -0.394602 -0.170383  0.812908  0.211836\n",
       "2024-02-25 -0.742149 -0.357007  0.907999 -0.343076\n",
       "2024-02-26 -2.022308  1.441085  0.371299 -2.004776"
      ]
     },
     "execution_count": 36,
     "metadata": {},
     "output_type": "execute_result"
    }
   ],
   "source": [
    "df[1:4]"
   ]
  },
  {
   "cell_type": "code",
   "execution_count": 37,
   "id": "e175a6cf-37ee-466a-b39a-81ded5153ef9",
   "metadata": {},
   "outputs": [
    {
     "data": {
      "text/html": [
       "<div>\n",
       "<style scoped>\n",
       "    .dataframe tbody tr th:only-of-type {\n",
       "        vertical-align: middle;\n",
       "    }\n",
       "\n",
       "    .dataframe tbody tr th {\n",
       "        vertical-align: top;\n",
       "    }\n",
       "\n",
       "    .dataframe thead th {\n",
       "        text-align: right;\n",
       "    }\n",
       "</style>\n",
       "<table border=\"1\" class=\"dataframe\">\n",
       "  <thead>\n",
       "    <tr style=\"text-align: right;\">\n",
       "      <th></th>\n",
       "      <th>S</th>\n",
       "      <th>H</th>\n",
       "      <th>A</th>\n",
       "      <th>M</th>\n",
       "    </tr>\n",
       "  </thead>\n",
       "  <tbody>\n",
       "    <tr>\n",
       "      <th>2024-02-23</th>\n",
       "      <td>-0.015656</td>\n",
       "      <td>0.361144</td>\n",
       "      <td>-0.000082</td>\n",
       "      <td>1.624539</td>\n",
       "    </tr>\n",
       "    <tr>\n",
       "      <th>2024-02-24</th>\n",
       "      <td>-0.394602</td>\n",
       "      <td>-0.170383</td>\n",
       "      <td>0.812908</td>\n",
       "      <td>0.211836</td>\n",
       "    </tr>\n",
       "    <tr>\n",
       "      <th>2024-02-25</th>\n",
       "      <td>-0.742149</td>\n",
       "      <td>-0.357007</td>\n",
       "      <td>0.907999</td>\n",
       "      <td>-0.343076</td>\n",
       "    </tr>\n",
       "    <tr>\n",
       "      <th>2024-02-26</th>\n",
       "      <td>-2.022308</td>\n",
       "      <td>1.441085</td>\n",
       "      <td>0.371299</td>\n",
       "      <td>-2.004776</td>\n",
       "    </tr>\n",
       "    <tr>\n",
       "      <th>2024-02-27</th>\n",
       "      <td>-0.603378</td>\n",
       "      <td>0.746231</td>\n",
       "      <td>1.593148</td>\n",
       "      <td>1.722764</td>\n",
       "    </tr>\n",
       "  </tbody>\n",
       "</table>\n",
       "</div>"
      ],
      "text/plain": [
